0.0059849718 0.00674415
0.007921156 0.0048472225
0.016290689 0.0127781695
0.07740774 0.032758214
0.57977635 0.26649716
0.95495445 0.9089595
5.441151 5.9020452
16.860027 17.597563
23.461432 19.709211
17.699032 12.967704
-inf -inf
2
26.266727 11.9112015
21.41681 9.2807
22.914734 13.133351
16.94535 10.277802
19.740458 12.575134
21.87082 22.009588
20.84498 11.534914
19.668064 13.242189
20.56959 11.046897
14.682822 12.000058
-inf -inf
2
23.168861 17.97656
19.870821 17.514784
18.692955 10.257405
19.43085 13.1861315
21.779617 11.521641
17.23421 13.396075
27.29426 9.6302595
25.118872 15.788929
22.47231 17.367668
10.906098 19.591793
-inf -inf
2
19.251839 9.412744
8.036381 14.287548
19.824186 11.556324
33.70028 9.124821
19.480436 22.50337
20.506676 11.923945
19.769377 11.972428
11.924675 11.119292
18.296661 17.657476
18.630571 11.923866
-inf -inf
2
29.867506 12.046658
26.808027 19.57629
46.778595 11.764028
13.405227 11.310072
27.419388 10.856133
26.197138 23.53404
29.119482 18.327366
16.666336 14.762409
12.197151 16.294306
20.441181 14.830585
-inf -inf
2
13.102005 10.694468
13.603811 22.115149
22.362158 19.389343
16.163542 21.830883
15.100099 17.57695
23.307753 9.087753
19.254183 12.124115
21.893826 13.9635725
17.922121 15.08006
20.512674 15.850173
-inf -inf
2
16.25235 15.133398
28.250515 17.59616
16.409998 21.128788
14.533647 8.935504
12.234951 19.623013
22.518126 21.536827
12.170921 13.259158
19.331305 8.241428
27.281677 12.031362
23.554306 19.980154
-inf -inf
2
22.897211 11.149433
19.174587 6.595667
14.114179 18.876522
20.479687 11.579586
29.676525 12.703884
16.100145 14.165803
19.48215 6.5143495
25.057875 15.529627
17.323715 12.327953
17.567966 17.596483
-inf -inf
2
14.333757 28.864979
29.740599 15.83411
23.162542 10.489113
22.297388 10.025235
10.888179 9.4500065
16.111925 8.896971
19.878712 9.472888
21.29558 16.726692
14.832351 14.509028
22.115234 18.487879
-inf -inf
2
21.781881 15.617826
27.218573 13.888243
16.865826 22.290874
13.571111 11.818911
30.225346 13.97196
23.187836 11.3507185
13.631402 13.210916
34.102795 10.921471
12.944364 10.529977
23.9126 15.358423
-inf -inf
2
13.109709 18.183918
25.592638 19.427551
20.216536 11.956169
35.49888 17.480019
29.036793 21.816792
19.976748 13.108625
20.523314 20.262783
24.745092 16.764217
14.791826 8.805974
18.34028 12.457942
-inf -inf
2
25.574478 14.971842
14.526132 13.725023
16.766628 8.522824
16.488373 12.074662
24.811708 18.739143
14.553242 12.787587
27.857607 13.992059
16.012392 26.202414
18.22182 13.630709
12.254044 20.834997
-inf -inf
2
22.122719 11.71446
16.427649 14.431783
22.358095 15.622602
19.120882 11.6937685
25.163618 10.726851
16.356764 14.727472
15.969955 22.696081
35.279877 15.233248
15.739913 17.74256
17.511711 18.342575
-inf -inf
2
19.6948 18.73257
18.803854 14.401917
20.504719 16.23846
20.81883 19.045916
16.114664 10.737753
14.554895 22.744831
19.663908 16.385225
17.617819 13.868219
16.75506 24.205698
19.726818 9.573755
-inf -inf
2
8.300922 6.190392
14.732929 13.436264
17.073822 16.727499
9.705568 16.220078
18.841347 11.2962
27.310875 18.959883
18.617195 7.4398494
16.161774 13.851249
23.803652 16.20699
32.87708 22.76811
-inf -inf
2
16.931778 7.0197196
16.388533 9.290834
9.466974 8.574328
20.01369 8.745553
19.928886 16.950546
22.63525 8.872713
8.893757 11.497774
18.231113 6.30192
20.354954 7.798778
20.957567 14.663468
-inf -inf
2
19.709335 13.248298
17.294662 11.619776
19.112581 18.66586
15.343923 13.440723
18.455297 11.832594
24.627058 10.420915
11.915461 8.029537
14.128165 8.121521
17.409063 11.483935
27.003975 22.6485
-inf -inf
2
15.542834 18.69043
18.572313 18.09706
15.619653 18.643261
15.605163 11.5875845
11.218184 8.3242655
34.715492 12.856103
15.493087 12.911598
19.73094 20.994051
20.13026 14.298525
29.616714 8.756428
-inf -inf
2
12.131269 11.381113
44.182568 14.958024
25.96117 14.512494
13.386508 11.645659
20.477713 16.433197
14.300553 9.48417
16.921469 8.154134
17.248503 17.536274
20.66894 14.035495
39.51477 7.644132
-inf -inf
2
24.73463 16.033562
16.752779 9.184739
13.987801 13.4229555
20.228308 20.984442
24.71378 13.945902
16.557255 9.468666
13.129822 10.281182
21.005455 20.86579
15.349125 7.531128
14.908292 11.992097
-inf -inf
2
